timestamp,ax,ay,az,gx,gy,gz
0.0,0.01672731400596605,9.947320440522617,0.19700961916585363,-0.7165208372473487,-2.6482440747034532,-0.2681564340392127
20.0,-0.3626217901847588,9.763242522022821,-0.08010159168968937,1.5264997600796224,-0.049604165136808764,0.9428027984108348
40.0,0.21124197869599734,9.633449270418566,-0.10905087111450358,0.29043380144718445,1.7418786152948544,0.15376298462707483
60.0,-0.09941034918584454,9.63450557962931,0.11993263098883591,0.6949149025055404,1.2974993307467138,-0.9594901326920409
80.0,0.12708830149427838,10.076302370936201,0.07704539282653121,0.5680387668157294,-0.32056894781475365,-1.6436728606659212
100.0,-0.05193054596120781,9.919669083548637,0.11746333784539019,1.8415674002234963,-1.2514409657521188,-0.45435820671112714
120.0,0.10654258266228898,9.727537766302133,0.029191851864904375,1.0639795858896426,0.27794985431515673,0.9287935682722619
140.0,0.016917741215243375,9.831402254488438,-0.17010846255064627,-0.8314960856322118,-0.6252602197202807,-0.0535870950762168
160.0,0.038619989451621234,9.677358516169958,0.03133995477056605,-1.107666547621114,0.42594005760939907,-0.745586613235507
180.0,-0.00467993034280726,9.875035605533169,-0.013704950200575272,-1.0617013170421845,-0.35353996403364385,2.846723767384276
200.0,0.04606166100896637,9.823700858176904,0.03995146602359201,0.2921786388323359,-0.8196691151029221,0.7121005009042425
220.0,0.18887998190952193,9.941186933280605,0.16269742003971682,0.734521292055231,0.45749717526834444,0.8640593590550014
240.0,-0.09556451185424218,9.623185315364772,0.00019914843428112637,0.18884052846200217,-1.2257894152096678,-1.9802949997125365
260.0,-0.2029256123986817,9.81407274739371,-0.03212698026329482,1.1793999742430321,-0.8479630580126591,-1.4293969165442788
280.0,0.18125879365206385,9.727310982123086,-0.04557198667232075,0.4072616586490447,0.14804214058083168,-2.145546386477836
300.0,-0.14027052148898853,9.950794533117623,0.050137474748433934,-0.29391186012741616,-1.0818458354658034,-0.4360562028229463
320.0,-0.1583237365542196,9.76021017680324,-0.012209159074520741,-1.3286360958457244,-0.1731940941915997,1.2356178469189234
340.0,-0.04370405018084989,9.734372964083125,0.01547822920580256,1.2566848936793527,0.10371662462214262,-1.0188230276867323
360.0,-0.012747410288940806,10.0083618651031,0.0898363257400531,-0.07200585984797625,-2.4685523877447584,1.1571398636646684
380.0,0.0039040444873665136,9.865235150477055,0.007626055853468847,0.3344700043639142,-0.12117328801303603,0.10970478745154968
400.0,-0.01055627893400912,9.84384758126232,0.08907398556330998,0.9263237998336795,-0.6092092921763208,3.5727490867076366
420.0,0.06857235580217635,9.888843236045496,-0.13646544569036742,0.321426513372102,1.8753436796582263,2.090900741861848
440.0,-0.03632981954759184,9.732277461181647,0.024409788223722514,-0.8253448780758734,0.8844664500314801,-2.195230594919753
460.0,-0.07748115390115332,9.949959550028314,0.00852707996106153,0.7797203253760926,-2.430999827033416,-2.253375675143096
480.0,-0.032814103250874416,9.881011433276232,0.20252451137213298,1.1932754029085955,-0.11084083481485457,0.41010982692106684
500.0,0.1182524420132245,9.8799836861045,0.03433999571530806,-1.8080113380024057,-4.607532758862114,-1.6471364776232231
520.0,0.008812448318648447,9.868848807773755,0.11215142310676829,1.0245224196266145,0.5792675563332659,-0.3289680318873835
540.0,-0.03338410200175773,9.831994091141572,0.1014121021029794,0.5283543839222664,-1.9778605704818635,2.3215335812486146
560.0,0.21543406799570497,9.853887921376884,-0.07266261897366223,0.3624567693292785,0.267966018977162,-0.720122015977981
580.0,-0.00245543535003451,9.714796179261626,0.11201139090735386,-0.16810811355954672,4.752679918028302,-2.0604623149157546
600.0,0.0055823608771119505,9.76994819799413,-0.03977655861516574,-1.5818242277616765,-1.111213700815065,-3.365498526151863
620.0,-0.26225036305823035,9.697129637361552,0.12163496856865222,0.02360956561429805,-0.8042306947568343,-0.6067020497856528
640.0,-0.16487177430832448,9.561049203874736,0.0032734707866248383,1.3339357217002992,0.4043771957091308,-0.1763560318559114
660.0,0.2083485032798713,9.70704174148717,-0.13725380504786447,-0.17119814568288977,3.1962417114878745,-0.16153498458116375
680.0,0.28867140906827476,9.847952376696671,-0.2057701330278739,1.4789043984324537,-1.750960422666509,-0.9617865118339599
700.0,0.128575775312008,9.79635032542876,-0.046876340529405314,-0.7309892868684423,-0.9007581924551616,-0.18085861186943752
720.0,-0.18668849771012616,9.78661592309479,0.2714230498740145,-0.4415424735302382,-0.5881276169266281,-2.0268071763382123
740.0,0.04725711111944043,10.126936155175143,0.02867192901940247,-0.961491714127231,0.32539100632712487,1.04248196660868
760.0,-0.06194193466394317,9.896267385287306,0.10947222263670738,-0.7522074386448021,0.5675518076464632,0.00946178087863208
780.0,0.02783343823657241,9.766938476294687,-0.04305506423426463,-0.11483923688035443,2.0599468379811197,-3.1895313684184528
800.0,-0.08717514483715963,9.902773406534369,-0.11465186891795034,0.6855812858694034,-0.09625186818442763,1.093866853332776
820.0,-0.010949890593149499,9.823730349098998,-0.17253038402520182,-0.3586251139057434,3.0448582438263925,0.3781445046425628
840.0,-0.020812255446933894,9.71886083910501,0.012466394812837445,0.1653275337430859,0.6580326332173634,0.7054924856180258
860.0,0.02633828216863149,9.806620386152808,-0.056704767648217316,0.8811433065094271,1.5172094950462587,-0.8366926557476686
880.0,0.02976587145166807,9.849000635728014,-0.003471275740144187,0.653068141761477,1.7055733701712865,2.9497815715609716
900.0,0.07923281317080356,9.872788846738878,-0.10814059162929304,-0.3454248626939187,1.0261475724690008,0.6628036894386348
920.0,-0.18898597372773074,9.765860969042828,-0.03308519441027547,0.0350463748682228,0.06426958268431238,1.867754930748045
940.0,0.024356956620680936,9.693040213675001,0.09336389267617218,-0.8755187074032171,0.5497041232740326,-1.4890537108981428
960.0,0.031017891894584527,9.789292709621508,-0.024564038409616844,-1.138649093897666,0.2733133739847986,-2.5427757369674
980.0,-0.2995800802419703,9.786302498741097,-0.03966432076456576,-0.6027893822219761,1.1188740224424676,0.03748850904574344
1000.0,0.09467247545609692,9.6769303654049,-0.015807897577303213,-0.5916013728334945,1.2187386252205112,2.455835858303426
1020.0,0.01979856430741331,9.78380603306659,0.08561843997415187,-0.29387167931881836,0.07531751225453479,-0.6935004591983254
1040.0,-0.07498495255073895,9.704545634801502,-0.1179807211499388,-1.2742018762489693,1.1159569511582477,1.1593173627118225
1060.0,-0.14218807946744852,9.829186396367634,-0.07141074612071881,1.3375052813891268,-0.8392899819939974,0.18279833069481483
1080.0,0.08657212026188515,9.799317956985034,-0.06844872071437501,-0.9706729872308557,2.176766004476855,0.13326995221769555
1100.0,0.18132052167220017,9.940611300821766,-0.15685643885536596,1.2559201022469828,-0.8433504353291152,2.2819259668253347
1120.0,-0.14891261385334967,9.626130507773635,0.028196829625814043,0.16448039520467336,2.201386329490443,1.481028403249128
1140.0,-0.13969559998010841,9.687226663881612,-0.03166675243319257,2.645734799841094,0.3031536253992286,-1.134379239856198
1160.0,-0.04902751946160957,10.01933171544742,-0.05832185627952207,0.5136410292041069,-1.0238702876377364,-3.448409533710341
1180.0,-0.14843495011602362,9.841739151646413,0.05396149465915284,-1.9463508199378434,-1.7056419550102357,1.8712842593162653
1200.0,-0.12582262883528614,9.867096996746364,0.006948346745833421,0.08800943834395124,1.330487049769363,1.0442567080359193
1220.0,-0.0778093190989938,9.719358296570299,-0.03879039850573426,-1.169546724082916,0.6489726639071034,0.41084273352713147
1240.0,-0.018042149154473677,9.822936879809344,0.0766763793714362,-0.6924138447543318,1.6293604580381693,-3.1041983609919717
1260.0,0.11022556149201271,9.893266266695829,-0.0008173954254051453,-0.4476409092596982,-0.00039631295933964484,-0.5910548653345725
1280.0,0.13069432530729233,9.676555657546459,0.04225085547001506,0.40655295792737495,-1.2090450632003424,2.0158909028947223
1300.0,-0.2567654119887377,10.061845874444469,0.034346240100582036,-0.13841933350358454,-1.6889159664718811,-2.7827812644912457
1320.0,-0.06367561104031545,9.726938803130595,-0.04109798188122889,-0.17466046663255186,1.8233501887159012,2.4029631406136582
1340.0,-0.17414504457419958,9.682100325249559,0.05081971134293663,0.3737649958462031,-2.0223445104095967,-0.21123382549307557
1360.0,-0.06764743823774874,9.730314832166163,-0.2891281989973551,-0.7824385320743613,-1.8525265632248478,-1.1638037615350494
1380.0,0.3155838879985739,9.700738383375906,-0.09201755788670674,-0.4613847932949769,0.4936414935963497,1.117561536508783
1400.0,0.08102033713173927,9.896229777224097,0.09082140088950351,-1.8654923734382372,-2.7260446681363346,0.055417416296427296
1420.0,-0.04438869052995561,10.062828257408539,-0.03864997854046351,-1.0763320350692271,3.306308913074141,-0.529689848618639
1440.0,0.12151185840951267,10.014429443627977,0.09366403454030019,1.3177120000966704,-0.9424112124946504,-1.911294238892606
1460.0,0.032955333032820756,9.649524511501548,-0.08099212318717969,0.1600823054941339,-2.43581597484901,-0.8378579063631378
1480.0,0.008593660342038392,9.864106726337953,-0.0659411790531077,0.18016766200298945,-1.896352947034507,-0.09052761881044823
1500.0,-0.12375202837857609,9.875041319475633,0.022498009110060755,-1.6098063973502608,1.8336543997646801,-0.4625085785706585
1520.0,-0.11377192883206838,9.695704264768706,-0.029902784493194112,0.12982141439882466,-0.40355671919390124,0.03506260588035704
1540.0,-0.051864032106925605,9.817209978731189,-0.1636038561072437,0.03989411855257803,-0.8634985259723352,-1.3688312087014913
1560.0,-0.02680580642468397,9.901319644491423,0.02514363970422125,-1.2996124665636983,0.06909601301099119,-0.11739972691441242
1580.0,0.1941811993999248,9.83570894046662,0.0740591190709633,1.225823701224297,0.5995525970180227,0.19640256152727892
1600.0,-0.0392191405681155,9.736028480533271,-0.08741829041736027,-1.5299049288009399,-0.8625619528621589,2.4118198789678575
1620.0,-0.00928338475393459,9.851353871069366,0.1154348805855608,1.8124317302845985,-1.2064157963720163,0.36157257117363784
1640.0,-0.17507947249723965,9.873150518095589,0.17975181781424684,0.10259260206437722,0.586186691130254,-3.036248498647124
1660.0,-0.18098883662002827,9.851968272196924,0.07378050014518645,-1.6363722657979376,1.1730233139740327,-0.443573355927855
1680.0,-0.04755266059924414,9.90902064916084,0.1571411793518146,1.5843531657336223,-0.49904106506716117,1.6398854286139803
1700.0,0.05374710752152115,9.83350262465736,-0.028937240935751674,-1.1300411148354985,0.028227547792573273,0.6189413979363774
1720.0,0.1439148128843589,9.478553300258303,0.06162664267824273,-0.07725654137678784,2.014636537037286,0.7908367078689602
1740.0,-0.010234754389594997,9.69923806311936,-0.03522425379455527,1.1925504038526535,2.4001333020376783,0.5601500321779118
1760.0,-0.05502221747726758,9.619842468851397,-0.1189518176710436,-1.1362223272324592,-2.044750752659911,-3.8729265350119544
1780.0,0.0807431361500242,9.766230140631292,-0.12707601770190594,-0.12780704039143062,-0.15135370102762646,-0.2794976122092019
1800.0,-0.20273863680264953,9.695702604990425,0.07820840019105584,0.03401444484287475,0.16539374364193415,-0.2470036291355756
1820.0,-0.06832735657226767,9.881865364437141,-0.05718874588475841,1.1227323918893097,-1.321785338166298,-0.9384187730447378
1840.0,-0.042832713986553216,9.794916024049801,-0.03743392662416547,-0.08963525387204044,-0.05562702384353968,1.113175775346328
1860.0,-0.03589774606726537,9.93045915386344,0.19205790524474087,0.40673042109473256,-0.5595498785498876,0.11221818395724079
1880.0,0.09399619441567357,9.820465199134203,-0.06927149054281405,0.6568110942377212,-0.04917236891974398,1.4076607999026538
1900.0,-0.039738087700560386,9.614625518977778,-0.06959337628302437,-1.5880289683241569,-1.45752966936095,1.4679339896781882
1920.0,-0.04741173334584946,9.968110442008154,0.18030711718694778,-0.33166799276959924,2.2340399953068353,-1.4638746762841546
1940.0,-0.1720041143250454,9.925489825796026,-0.18050343102193697,0.548335802931287,-2.5939615474774884,-0.3865090568579155
1960.0,0.020521096770967147,9.863653938772979,-0.12673067730834978,0.012171305770467497,1.6088663940158647,-0.7742277964394926
1980.0,0.10022353220736381,9.9127515928952,0.044507874219430456,0.5550338658219717,-3.6027269828145676,-2.1903854228045563
2000.0,0.10938318203174721,9.669338517103682,-0.024966136067829277,0.9517392416657705,-1.859484978794896,1.0697802242564947
2020.0,0.18295074539552816,9.803115256664691,0.17822006666274656,1.9718956285166955,0.1496662727969238,1.1179632267013484
2040.0,-0.17627054477495102,9.694534880603655,0.1752613863994208,-0.7295389175944973,4.6365783499762045,-1.1123291565130162
2060.0,-0.17557310310799878,9.738927779521749,0.03133362200118219,0.05384107308384184,4.966602826279551,-1.0572692579011909
2080.0,-0.01366935455614236,9.52279854673845,-0.12214388890172645,0.746655442740324,4.207407725280188,1.629649526558643
2100.0,0.037611071813322454,9.97913877696612,-0.03403100433496047,-0.48135014376904744,4.019387893677173,2.1679923999814696
2120.0,0.23230907939978118,9.852342824657331,-0.04384064699977605,0.9690924549465407,7.2281250141615,3.0414973985798617
2140.0,0.3243693942050651,9.77260338960044,0.05300336499151512,1.0113498911578167,3.894802849642425,4.379860974083062
2160.0,0.08053859252768829,9.779034648824359,0.10625295131510769,-1.231207860016894,8.709647994514134,5.602627304298802
2180.0,0.07640155567197751,9.849753366103847,0.07238512681900537,0.9768840620300865,9.812669220289186,5.461042140721453
2200.0,0.2068306119091063,9.823321168133656,-0.06409475240157904,2.219757867088797,10.681174700000243,2.6091852514911062
2220.0,0.11633243443461978,9.795069157052504,-0.11637917610378182,-0.917762214938782,15.507225864633863,5.089100243591541
2240.0,-0.052122957383688134,9.703116507112533,0.19570657119749435,-0.4225585536110247,12.287538057566232,3.3895798162888915
2260.0,0.0722915154742354,9.522444262299352,0.007023924181510913,-0.625315042730729,12.326517437687665,4.950934129198244
2280.0,0.0022563971711271613,9.544102288509501,-0.17758295852722739,-1.263935059879071,13.325217318754989,6.009190486855626
2300.0,0.2287636238325347,10.027895009044876,0.03942608208455613,-1.604201745475612,13.767067258091362,4.822388305784002
2320.0,0.1618149596249446,9.80754625580019,-0.04692293805823321,-0.4765116810170764,15.655203057305,4.423312468848864
2340.0,0.1409391616442866,9.60136356515721,-0.22906071676839465,-0.35194717386622837,14.454311607134485,5.510219372188551
2360.0,0.19016092676010785,9.557617690806394,-0.026116308848417785,0.7740969712608988,16.503063385635752,10.801700531913205
2380.0,0.2452720820129639,9.862646323710567,-0.18596541789935603,-0.15571275061976841,19.364008127336014,10.56027606529532
2400.0,0.37320143970500785,9.921047444488947,0.1431434626049698,-0.6725542191605971,20.697744831062035,9.616739131470666
2420.0,0.33979281565602387,9.7829478480949,0.07931914091725986,-0.5136581411721393,19.70843070583991,5.303822744119343
2440.0,0.30660988171291376,9.900211579909232,0.02593568947861738,0.4834584472394247,21.175493728326625,9.40259129222098
2460.0,0.5171180436331567,9.926489949841079,-0.04892548406488927,0.7501724339087029,19.89463881192189,8.959889231102709
2480.0,0.5357242140579861,9.836956383706198,0.0732451836793164,-0.5830738854133011,20.39522535051072,10.308991476939466
2500.0,0.4866701890585526,9.582259599947184,-0.053103322725747304,-0.8188556825205919,20.886069980606365,10.479896623258524
2520.0,0.7860198251430819,9.761346472201419,-0.006889375899007711,-1.0549814998651248,20.958687201396984,10.720349712538761
2540.0,0.3745682583443417,9.896154784818453,-0.01098460056066276,0.2909168710962616,22.014153606146134,11.857760994914376
2560.0,0.4356153169238915,9.648730404777577,-0.022402003922501544,0.65168679043064,24.847698753425856,11.693090216606969
2580.0,0.4864068344661372,9.77383507223831,0.18392687642822397,-0.43722667740810717,22.82976213976492,12.461717783814706
2600.0,0.6764635951602304,9.819030273277583,-0.06715317696197394,-0.18003427487040166,24.770316461745647,8.082525863036196
2620.0,0.6074545344593567,9.676592131408492,-0.12995892610132007,-0.66860780745618,24.381052039666457,14.076710246418202
2640.0,0.7899701860559746,9.669752696660874,0.08500431836525113,0.6406047468658868,24.03511288790845,13.155543048552074
2660.0,0.8864504515729039,9.827478317639464,-0.14548385901622532,-1.1292093854272764,26.117103153138313,15.780604166841787
2680.0,0.7210366620892678,9.901789296701507,0.022052049373536716,0.7184088284349279,24.81454236421386,13.214982334213923
2700.0,0.8252813567046586,9.721358697817346,0.09119292233380134,1.7271380788768962,23.30699755980348,11.951522201484508
2720.0,1.2074039854933618,9.882988754046973,0.15225548788275015,-1.5331811433451232,24.469926104226143,13.763088212653024
2740.0,1.0117945002443092,9.798658535421112,0.09202524174933396,0.31962721263200955,24.453986875630076,14.033047915250355
2760.0,1.1556254990052894,9.791424060182017,0.06281107650006754,-0.5440991556107238,24.50707009311163,14.104773244418396
2780.0,1.0863638701433862,9.790453340435203,0.12530781124200172,-0.6025890696210514,22.710452594912287,13.153724056350494
2800.0,1.1871436026981157,9.660483470540214,0.04611894703482889,1.0006560763789514,22.904728301624225,12.996795050329471
2820.0,1.1085545244217765,9.599939677957057,-0.11504619225412534,-1.378654707212422,22.837672986989087,17.41350582684148
2840.0,1.1308672207163413,9.716206050485496,0.1025121045648946,0.2200367777286011,25.543295141395085,13.545237738435926
2860.0,1.1512832958436996,9.670516196562458,0.008990783288991392,0.9569676926687826,23.34616488789431,14.87604991306813
2880.0,1.350851398176029,9.760478835909286,0.059367949057704775,0.7677486223790151,25.43285735063655,16.302482938393556
2900.0,1.3619862616092475,9.673147734145548,-0.09182832066809432,0.23909377949069968,24.716355431318515,14.337079961440118
2920.0,1.515517422960888,9.756858624807037,0.012383461641053969,0.6435302848604738,25.246690125675816,13.755669566348438
2940.0,1.371669079467258,9.653555364617025,0.11537216020832625,0.3823888780900583,23.043469155069207,18.39972355601964
2960.0,1.4677360235768344,9.910587094568285,-0.054530593922926196,0.2713092903639901,20.216866675956673,15.367905510693127
2980.0,1.6773773140986548,9.630108371584669,0.1222469409863452,0.7613515622016968,19.268554745542335,15.975646936201453
3000.0,1.6744518148642387,9.881620149663444,0.09912470514548422,0.5171358209361426,24.221662403946475,15.182877974858116
3020.0,1.814785519986212,9.823858538645256,0.19441347347180296,0.515714201686479,20.05631404462075,18.97901687765071
3040.0,1.725362174656725,9.554580606075305,0.05982315674270283,-0.8826475743831218,21.64777117343403,17.12046687113761
3060.0,1.6873895010013966,9.722255608221227,-0.032374996841948195,-0.21730659471411626,18.861245149639057,17.521526752467206
3080.0,1.785758164536639,9.433001989141044,-0.008244589112529649,-0.5672546328313622,19.679971055322078,16.271021035739693
3100.0,1.7974364083442962,9.575917098556383,-0.08937106398604777,0.8896250762321916,19.485918822903972,20.35987377439422
3120.0,1.8247280015247798,9.435244422074629,0.05456867121106621,-0.033864202070121266,17.401841196331816,19.970478383794788
3140.0,1.9967660632469,9.570944464736693,0.0620401247465087,1.931339966038596,16.049147238991605,17.15352050541707
3160.0,1.8883268924471732,9.690480965946218,-0.0416235633318183,-1.0550038198167637,15.241393058878106,20.726624107895784
3180.0,1.943618029735613,9.466781142897023,-0.08814726381079939,-0.2899908168685848,16.290831643929554,17.218269149485355
3200.0,2.1334657597202327,9.431387137494147,0.08760808711297242,0.1751598324502715,12.54158773480242,16.335527431192933
3220.0,2.400557678941486,9.63329575302874,0.012384283154988122,-1.6046530438800082,11.525645166367688,15.698518583511692
3240.0,2.4558747166360533,9.655550519557789,0.12201232636655009,1.8763803547904279,12.217374143365785,16.186297234870093
3260.0,2.507713169000463,9.498524192539492,0.001569269036731314,0.8311999681547289,14.096420958563803,16.110949318221916
3280.0,2.7746308612260027,9.615726269188071,0.044140631783113886,-1.0324217851820732,13.238124894658384,16.46203081517319
3300.0,2.2471506024276473,9.683652676945998,0.05851497436215558,1.2072483590755814,10.651582151552589,17.198876658885382
3320.0,2.555265160511317,9.481015520790747,0.08681814506749545,-0.3369835981723057,11.51256811944664,17.175486578694976
3340.0,2.479409025990095,9.380887430442003,-0.08855449263397229,0.39975566875683555,7.24227530118615,16.802853128759423
3360.0,2.7131611716065374,9.483635168738008,0.08299158974114372,0.4794618830845671,9.18661588158109,16.5438218359287
3380.0,2.6141644833843403,9.437171901592622,-0.058499833106011895,0.9536106177622966,6.432757285276629,16.362177794466376
3400.0,2.9334595800528227,9.49885727001032,-0.020139950522878116,0.025169456207890992,7.128938050507504,20.323980451089795
3420.0,3.069519358350937,9.271100724249628,-0.06481777898300528,0.14912940477690098,4.958528902342374,16.250957357714068
3440.0,2.90182035279077,9.210286422923442,0.09534589959400361,-1.3358036435068017,1.7041185935816243,18.426494717878096
3460.0,2.8836962844584826,9.275253095905818,-0.0047483899074580145,0.7622993662072161,-0.49083399791400417,17.22459264071645
3480.0,3.10841888203078,9.266619598772156,0.0276808520124366,-1.5889691063051286,-1.245961698109207,17.111539326160788
3500.0,2.899565717122126,9.342511206997704,0.020364591767299187,0.8500332834156585,0.6787526355332855,17.299326420715445
3520.0,3.0619232987463745,9.475253562672549,0.07853918948585083,0.9480829873757602,-1.3247177875761178,17.410090226755294
3540.0,3.030416952890149,9.474374765534272,-0.022699070203939898,-2.323068598606502,1.8812316374554514,15.542382520321523
3560.0,3.362728379194941,9.187825871715573,-0.0213170189972543,-1.0203119056160406,-0.38704746034191834,19.900951050961925
3580.0,3.3915345088564095,9.029240997690518,0.08589251630000092,0.9430874840854749,0.9504082563575411,15.430221082341632
3600.0,3.4772382765373115,9.248338311089455,-0.05092327516149996,1.4007303008433263,-1.189093794950197,16.266822594739896
3620.0,3.535342578396258,9.199685974620975,-0.07868951620926853,-0.9794703550160323,-0.9995137820116528,17.383676088985883
3640.0,3.508031773064286,9.117312207343444,-0.07016225494827716,-0.08638428444967496,-3.135142119318706,14.11409951578355
3660.0,3.4211229874877582,9.089912829310062,0.05123388600618059,-1.7914386317916866,-0.23272210980830244,13.28263429474446
3680.0,3.632514933684527,9.18513458377936,0.11147626029562255,1.2638652791601306,-0.6742683784289409,15.083571806907635
3700.0,3.5699211903501116,9.208926349099297,0.0066490445360470815,1.5090556861137872,-1.1076685612252084,14.404211510298412
3720.0,3.4796854028120734,9.107168648638181,-0.022779749895580913,0.3053885068459208,-0.3611610425593593,17.72844200599484
3740.0,3.8304036875437797,9.245722993478296,-0.00626911493908033,0.4743975734187292,-2.5484313304229054,15.58570966714123
3760.0,3.8431155306296563,8.954272285320135,-0.10338237570716889,-0.17598089059116584,-1.945303225284067,16.1285199097757
3780.0,3.715822392521526,8.957676420467843,0.023701050082193028,0.18789364971155942,1.2222526103650546,13.447802839446156
3800.0,3.98500819055421,8.899334176257726,0.08722291560841333,0.7154758330901019,0.9329967177920118,12.64920837525099
3820.0,3.711180933179969,8.944058965501577,0.14378810616487722,-2.28387454731423,-0.49596411804261376,15.903694220458565
3840.0,3.9200970408584213,8.914253495420601,-0.10828777301695856,-0.6255233192658027,-1.4462347944903318,13.657580842321128
3860.0,3.8721914134513122,8.949482963893177,0.11182935014705792,1.5441854925036729,2.09895106247958,12.201299164548939
3880.0,3.9905508158279064,9.032068391214443,-0.11367620142289336,-0.5238383999641012,-0.4061211581290083,11.501510943518667
3900.0,4.17353540238107,8.686323119735532,-0.07429241043354089,-0.1525133128558953,-0.8262500172342029,10.848396311991511
3920.0,4.033910792456134,8.794297676521868,0.006190956190288381,-0.2674429780438102,-0.7686968051940037,11.929732777842048
3940.0,4.216744290911998,8.82897662770565,-0.009379257868177183,2.2017860757775938,0.9536688396801929,11.551462258304397
3960.0,4.1490735041220095,8.8362581012769,0.032320933447943026,-1.3164229573959925,1.1875737059553253,9.353391008082255
3980.0,4.127130074785096,8.86028174380613,-0.03881722696181327,-0.6350980685747369,-2.8205336781316923,8.903838104702048
4000.0,4.3566602995437975,8.831642664796775,-0.246710941299874,0.6321104454796682,-2.0724274833027594,11.607991197075537
4020.0,4.3102597160206555,8.955283663584792,0.0837866106627248,0.05721906191111499,2.4777461034593293,8.726855419083877
4040.0,4.018073632456645,8.782611924306538,-0.03720809076717237,0.29136639217746607,-0.8756463139836557,8.918185540856761
4060.0,4.229433083544813,8.83951859286662,-0.033652201823297055,1.1815044946672293,0.5642586751067202,7.5557353846265105
4080.0,4.411114691346844,8.856103726035325,-0.040919815839066336,0.7089901698525471,-0.9469580374326521,7.9842816253475535
4100.0,4.304197151933436,8.798085439994795,-0.13418362010225357,-1.0683040848152163,0.06335076898518761,9.045269721217762
4120.0,4.361933540393742,8.691844803258022,-0.011300733234491656,-0.474807658705797,0.4404949594423547,6.085980787997249
4140.0,4.352152554998493,8.774851478657988,-0.11613070979774257,-0.08295292932347818,-1.1436028021794424,5.616917707967221
4160.0,4.254026530632054,8.675115094849362,0.006406561402458644,0.7530061762841613,-1.0682006844535075,6.90056036820968
4180.0,4.474308928927376,8.74003928130197,0.10728967297922905,1.5880369137554162,1.4694492940502446,6.5890163329713936
4200.0,4.643734254245806,8.902370740348843,-0.011468107913732286,-1.2283630358028659,0.784648818090765,5.1793461078031084
4220.0,4.375399137844107,8.899517686366503,-0.05716425271336193,0.28806687910744366,1.1811726967234852,5.791354532333081
4240.0,4.516584713537449,8.7008666289028,0.006037290339641975,1.707147851849948,2.2493745538452217,5.437706480567394
4260.0,4.351961920091598,8.82607606303279,-0.018760885439722305,1.9007204204112544,-2.125559234809939,5.233645403080285
4280.0,4.833373310489277,8.550928866967554,-0.17037099914347167,0.550095279799345,0.1633378977456672,3.967397377745221
4300.0,4.627181113279199,8.704333665601139,0.02854624648391821,1.021945695938834,2.9110266831316465,4.505962194191372
4320.0,4.794305203961406,8.852626815593412,-0.12553956050975154,-0.8743638060694113,-1.5802722530846265,3.1789734042732443
4340.0,4.414593248743261,8.693533591891875,-0.11355404332059083,0.5854645843734799,1.3638762535049083,4.677919544494449
4360.0,4.648836421064757,8.643833102331579,-0.13356222977733676,-0.5247413159957398,-0.8441197544396999,2.5780228943009345
4380.0,4.578559418145498,8.806345411359477,0.010423017095539297,1.3356231738820246,0.5166554007435936,4.078496302751949
4400.0,4.7137906295290914,8.736552727642916,-0.06230960126253894,0.07676426722210263,0.2709847475967503,3.1007715778356744
4420.0,4.602867168820371,8.86304322108758,0.06947514947822589,0.1783065312422886,3.2454823178005583,1.917270257423443
4440.0,4.607912096116027,8.741062918293837,0.13094709833443702,0.10969917405371263,1.346393019207976,2.127150027127092
4460.0,4.447475575475449,8.724068411846826,-0.005083280114683911,-0.3187372360958709,1.6544016168261373,1.5278076196989587
4480.0,4.639908130486719,8.609907952845415,0.030779290631957675,0.3499114620711062,1.9946264382171446,-1.8247668420866967
4500.0,4.784918397082363,8.809150244088618,0.06297109697850249,-0.7661748772168946,-1.0380000511003775,-0.8139058938252657
4520.0,4.696722045619194,8.35462335069112,-0.07791765520700922,-2.93264802915019,0.9501457243482543,-1.9976977838758776
4540.0,4.5773338012043325,8.673579623674613,-0.07808315118917762,-1.4531409777379076,-1.2613849588685173,0.7169874032626533
4560.0,4.664553194611928,8.72386015543148,-0.011970230054163655,-0.9894430173321769,0.34732104032956124,-0.7940442961117161
4580.0,4.649927759047872,8.671620993451908,0.04080277701867518,0.47723173493550897,1.2767995076645389,-0.6203675611615017
4600.0,4.5768543755677635,8.680785054399482,0.037248510210720474,0.37240301526465974,-1.5399866318750233,0.29152268370902357
4620.0,4.693901577575058,8.666111654223682,0.05108669503956417,0.1782218922762542,1.4392554089851683,1.574230610620379
4640.0,4.479491669476946,8.648579296266652,-0.041996468522187774,-0.8531855710883568,-0.10925658641729363,0.17578129828114403
4660.0,4.640722357397856,8.672613481235507,-0.04853922627702919,0.2855535767963692,-0.7139333553445696,-3.279210448159167
4680.0,4.835039524490798,8.79080362207724,-0.021367510110317765,-0.842239860516018,-1.6991277065535229,2.632609492158613
4700.0,4.565069955576735,8.642095943313882,-0.20727628015014488,1.1497853496928077,1.3567974127101472,-1.7110863894290331
4720.0,4.57062298958187,8.582989544871053,0.07605870812153558,1.5450664327005537,-1.092437551717079,-1.815281576562126
4740.0,4.612066339555621,8.721188611134966,-0.2180063613927574,-1.4460214126466904,0.5943027880223936,-0.7523714175766326
4760.0,4.6236120724602445,8.782479147867576,-0.012891443950652143,-3.0709992727513256,1.2008205594447154,-0.7779869399865895
4780.0,4.5250009704471035,8.626388463986597,-0.058987428379285715,0.06456532191283189,-1.1394621378977412,-1.7312758829019401
4800.0,4.556402457763496,8.656700028220664,0.04547245935762371,1.3982814241799888,-1.5202823900064644,-2.924056224176468
4820.0,4.76177010430884,8.616610232302572,0.1858470133160128,-1.0915466615121412,3.4336889278427396,2.0561514650702586
4840.0,4.6547796340725665,8.561969410652802,0.047165944443805376,1.339293077942004,-2.7748481788867734,-2.910709388784699
4860.0,4.481133286075985,8.491089614420526,0.02534930195020112,-1.0898380471973577,-0.8560113278027213,0.06802219858742467
4880.0,4.501704813026927,8.96813789691759,-0.0297405679164854,-0.5612171548380582,-0.019381295538413546,2.3177390328286114
4900.0,4.64286440497155,8.733954947356565,0.0439559936508729,0.08037359460813333,-1.5381922291064587,0.27099377102038413
4920.0,4.7924011317020305,8.74539951867337,0.08690489810774002,-0.583603220431007,0.4992694329677809,0.4465386764816397
4940.0,4.503326673535133,8.680268034117464,0.25330565850196524,0.4172025531796351,0.8387550802712636,0.9379687052845134
4960.0,4.567538835281315,8.673929384345875,0.2496161519662664,-0.9866281144887996,1.6958036308599036,-3.8909870300520844
4980.0,4.4505374690738355,8.986467325687798,0.0366214655222882,-0.07213114894312891,0.2805363368026807,-0.771120344493717
5000.0,4.607599354865841,8.899293136730652,0.06936583378373176,-0.760999417181123,-2.6572462629539353,-1.785809182972994
5020.0,4.6368808084770174,8.783534109055358,0.013569020569360164,0.7630020316650351,-0.3726138762962297,0.42828691755086556
5040.0,4.505077094763629,8.299944187248746,0.15847540753193634,-0.7901239219480258,-0.7034984020140945,-1.4097902045875719
5060.0,4.644939645355795,8.9057841388167,-0.13476120725545557,1.21007540194502,-0.3652334258338308,3.195701669251532
5080.0,4.539777789569141,8.645404356702151,-0.12092627230305851,-0.7468351929397259,-0.18178968745875781,-0.44526066717422397
5100.0,4.299432717091243,8.838976739518827,0.0085599723388397,0.5829780739627516,-1.871989100597673,2.605422742507942
5120.0,4.736625988608373,8.5055157112752,0.02858656489858151,-0.9357235070809135,0.23747873758491034,-0.7088982422745935
5140.0,4.6582093567995,8.741939489537646,0.10456243248569748,0.2620133896531474,-0.11964024706023338,1.2114514369279785
5160.0,4.5946448155672055,8.669122660774999,0.0723389369772121,-0.9242747670182875,-0.7506551845336455,-0.4770965108823755
5180.0,4.838423513288951,8.725872376493163,0.08416657408824761,-0.5512673540056228,-0.31963419120602665,-0.2269274879323049
5200.0,4.6096050960467325,8.676591198125722,-0.04985653375575678,-0.9109014930068435,1.0508339679773133,0.9006536309849855
5220.0,4.5214330481038525,8.837713827024235,-0.012354593390021814,-0.9231492939472526,1.6318048008662198,1.846796824691351
5240.0,4.690724283438932,8.837871843696359,-0.1117040495909592,-0.3832699451779435,-2.1526494365390043,-1.994165551578654
5260.0,4.548952388375444,8.815318968584206,-0.10841871411745879,-0.007050377165479498,-0.7450448551720005,0.22314458897975908
5280.0,4.511286380065373,8.836027365533443,-0.10194489272598639,2.40609533271854,-2.284868783118814,-0.43066809836808023
5300.0,4.486460339488071,8.499183889774732,-0.16515270307656452,0.5861799920065457,1.5907471731687504,-0.8067655235433505
5320.0,4.573302509086097,8.70729699302153,-0.10380519069540342,0.46773736886005984,0.8430351295889892,0.909943184233186
5340.0,4.656202924661581,8.638622542717558,0.07227339140139555,-0.2588348369873277,-0.6629948662068967,0.04075380433879157
5360.0,4.592773890856728,8.795821259364287,-0.09106014946683366,-0.9810733661226568,-0.30467511659948887,-1.2268530771406678
5380.0,4.556869070919643,8.70315526165557,-0.1373091748414921,1.5019954937472266,3.216459593592792,-0.9319297630189425
5400.0,4.503436010114924,8.83676680194684,0.075919131883076,-1.4685607147621338,-2.3607632120661792,1.4289161079473516
5420.0,4.667329790129459,8.612808508828804,-0.1621902251231529,0.054778964475061566,-0.3696042304119704,-0.11471112178916482
5440.0,4.71518142143231,8.673418027090815,0.09960708601516109,-0.17411546797407654,0.07704946855329749,-0.050250125464654544
5460.0,4.604239625542393,8.76984512391222,-0.04616214187731723,-0.1515717659331678,-0.15987271642188433,1.3011743355818617
5480.0,4.531554318035524,8.716816587802874,0.028986891850130477,0.6502384236207803,1.5150354425702757,1.3635531819592512
5500.0,4.957190012729463,8.619520733761687,0.09330141325769228,-0.8053199051346448,-1.0655981665094347,1.0664520684553638
5520.0,4.723655130708076,8.848350199344422,0.003960946519022503,-1.3310165432154988,2.946438792521964,-0.07072444013333866
5540.0,4.610371108695036,8.637839080987936,-0.11565760964166559,-0.8428045343507836,-0.3429107982158508,1.522499314750973
5560.0,4.692621490909777,8.598338686138648,0.08327049302921134,0.928408551408487,-1.297247589876802,-0.5865591226648961
5580.0,4.640863855215777,8.781188503285902,-0.02496943621247388,0.24268729976930695,0.9074154429073269,1.3411737170405449
5600.0,4.423305625675852,8.64330568085395,-0.06150418075922057,-0.4411537640734311,0.551963875459802,2.317980267688235
5620.0,4.721143044790118,8.688863952296511,-0.14654948601071152,-1.2397875198577002,-0.47956179167607904,-0.9983286664100046
5640.0,4.555915726203098,8.630703577602652,-0.04523350722997243,-0.12030519410670461,-0.9873019256809814,3.9248994292972093
5660.0,4.5917720232209405,8.617873865855223,0.12048584183275504,1.859145390142972,-0.7641488214470333,0.666696701792562
5680.0,4.653060741662655,8.874482990954002,-0.1360439306128082,-0.7066930457264994,-1.3231842999458263,-1.4204292741322082
5700.0,4.709184939823885,8.743006558501381,-0.03974237781093568,-1.0595232554126617,1.671512205191017,3.37218293955285
5720.0,4.5722440000593485,8.569925958870279,-0.11674382884783019,0.9525257810999774,1.4021553970695362,0.7455392333257411
5740.0,4.610142276490534,8.865349594851635,-0.0995617580446492,0.8833279612907033,-2.6848945930843118,-1.6603432535756206
5760.0,4.660671626360498,8.434192357140581,0.06130249150598585,1.3952220847788173,-0.049215481272202245,-0.6577461581264528
5780.0,4.418050800885342,8.726587471431559,0.17764279505652986,-1.1101286531738443,-0.7144984303205697,-0.22147887406487182
5800.0,4.573633978062222,8.806732349245548,0.01311165053171607,-0.6478551214966765,0.3558662833833195,-0.6948997159295192
5820.0,4.477621667630426,8.459105278898248,0.002792077266259847,-0.7653525884941186,-1.6495663568792147,1.6316362225292182
5840.0,4.453086988189426,8.689776210043659,-0.058345932263204864,0.5437898767520334,-3.8077499709484064,0.9722453855644297
5860.0,4.65574931785751,8.715359244500357,-0.026456162489827642,0.7059057465658621,1.655141562937538,3.0192573489048016
5880.0,4.885065986550206,8.599111434580244,0.13044737529709136,-0.5540352476221341,-1.8180483888751602,-0.3950124209153616
5900.0,4.457250546411283,8.579271210736865,-0.047447978218558395,-0.8183641207075375,2.0063086147394165,-1.937725100047022
5920.0,4.55181056044218,8.739590038872763,-0.005303426224202526,1.1443095668675685,0.4513154577889529,-0.3342718205659571
5940.0,4.510515805949163,8.866709273235681,0.12952957340653037,0.9289688693552736,-2.0740980702334135,0.8897580166386838
5960.0,4.515632296660553,8.707041893273365,0.08817104881252211,0.5509596936075531,-0.1568819954897561,-2.2556145214043504
5980.0,4.592473084412338,8.733056596987236,-0.14172047726193449,1.07331427940646,1.247411298372943,0.7148311246892887
6000.0,4.459845640765181,8.624610120048631,-0.017161192454041397,-1.0091551387832287,-1.3506864222716497,0.47000725202182714
6020.0,4.685146700147319,8.64945821032507,0.06965244535290359,-0.8290632140964058,1.0973770813954706,1.0493249910242808
6040.0,4.665208148357092,8.633840147078311,-0.04264139901676228,-0.8690245437676989,-1.239259412526607,2.2769918953862796
6060.0,4.6311298567095935,8.646466560245432,-0.03236316251705884,0.06652557864766837,-1.1469347036935813,-1.5835962618229393
6080.0,4.605567259703072,8.692111502393862,0.17955807489352665,-0.05451479382317642,-1.9400467087663285,-0.2882800431876553
6100.0,4.512803905601682,8.528574720319412,0.06932599680217864,-0.18114724852381597,0.9248050458582107,0.5900129955689194
6120.0,4.802517847854676,8.46026758566179,0.15394994944414533,0.19460159770311194,-0.9482976687995335,1.0927133533824214
6140.0,4.72591389967666,8.606558906701293,0.07916853451120061,-0.3891984270628337,-2.379639410138047,-0.33967390199572434
6160.0,4.844015133547577,8.686180942198654,0.0008941804086760176,-0.8634141073262787,1.8980194763397669,1.946454236634636
6180.0,4.58670391079323,8.857642988932923,0.032401558127337006,-0.22241555065789612,-1.447323583434436,1.1814936086779086
6200.0,4.718597718412533,8.61181386574024,-0.10994637766275533,2.352356265731877,-1.5922223889248728,-1.0318734925468402
6220.0,4.677808621113774,8.586455353464757,0.00023221163583003737,1.4585246525945936,-1.3355174102819498,1.2121581288602958
6240.0,4.436835597872204,8.629987789035205,0.06917331140213899,1.5859055446738406,1.1895607139846238,-3.1883555858329347
6260.0,4.59462477453896,8.594407947450424,0.1601659429419669,0.7299318065147948,0.3283682168857084,-1.8370281627086724
6280.0,4.664901689388906,8.64489834534732,0.05449629010919184,-0.1988735934546432,0.4625409300497457,2.5749271004043277
6300.0,4.648994966279318,8.658459164529578,0.13012213241448614,1.152517315395277,0.7558020071264697,-0.44761650623282273
6320.0,4.875446039878648,8.422587921909209,-0.048474762859764334,0.3256522188157803,-1.4654874339753952,2.466379187037089
6340.0,4.509762015842549,8.827555618470896,-0.17858042270466118,0.43277962719103785,-0.4940024782812077,1.2566883733764709
6360.0,4.441555219890653,8.73788059200391,-0.08216822827660492,-0.03245785093861811,1.842511498446656,1.4429341263893842
6380.0,4.532495827141263,8.59953902345218,-0.057790576921848184,1.378694976292043,3.0933812351354844,-0.8544210001333594
6400.0,4.585003117007273,8.922419558268667,-0.06017775107062449,1.790985289385394,0.04992943128689972,-1.8082651132100693
6420.0,4.690421772752101,8.871372050501593,0.12256497846506785,0.29445363783030276,-2.6850367378087174,-2.7635343305015145
6440.0,4.673873930375423,8.647488829615364,-0.058870889235253,1.1340992252619075,0.012662121151338912,-1.3151371387235957
6460.0,4.479835971367953,8.80392494882859,-0.07359815172784451,-0.07384857260345933,1.6232087298046585,-1.5310006540002092
6480.0,4.561291574839227,8.829614252152966,-0.03820919004679237,0.18317474202863185,0.3872998592986739,1.0043284750094246
6500.0,4.820835800067307,8.741744469795906,-0.0885806977882414,1.7350406691438507,0.5072695789596048,2.8054878373901855
6520.0,4.517267829742069,8.82198075097039,0.17846182561339552,-0.5456027228849675,-2.4628129029335613,1.2536623434889775
6540.0,4.524131963104241,8.604344283964961,-0.21705856218679243,-0.10445269224517509,-1.7485779528033447,1.88486060988952
6560.0,4.556749396102804,8.39113478781757,-0.1578076753151422,1.4556897081891127,0.017569439580632104,1.5869501779583202
6580.0,4.521931159578076,8.739401137535655,0.06574446523130738,1.26018023360889,1.051181772041026,2.128755006681931
6600.0,4.719904833061985,8.720272910716652,0.0026470400725057295,1.3459805313024884,0.05617422399583401,-0.9263726151079662
6620.0,4.7278975379500405,8.82658912983363,0.03498843145167196,0.17335221212848825,-0.34239566221464235,3.0666073113177257
6640.0,4.587259981625606,8.879137029198539,0.17292561708884457,-0.08156213791723498,1.4126207726506708,-1.3253302326019947
6660.0,4.835587889197755,8.664433304428735,0.08380454946430438,0.19391867360105117,-2.1737057053586466,-0.3914291827092601
6680.0,4.565577805402438,8.600235326930347,-0.0817298931852788,1.0427461322665565,1.3416073318585036,0.93889894149019
6700.0,4.45234210504454,8.502006169040158,-0.10397809330671404,-0.2348843219423647,-1.589055160087831,1.2557670551440727
6720.0,4.414024135729687,8.63951166502822,0.008862500345467846,-0.6751507005983641,1.0116731345866767,1.069323239129052
6740.0,4.498570428489669,8.65216254182579,-0.07982582080799568,1.02690836158888,2.7537702904568127,2.3308607717271137
6760.0,4.455816853197612,8.796996937364996,0.02554974660455018,1.1338409036568216,1.2969131936468472,2.2777913442559443
6780.0,4.626197046925337,8.72553771788568,-0.06182241473361551,-1.0425867016977848,1.2319914627057416,0.5999585625064994
6800.0,4.50659362453534,8.575068489468235,0.05184008696971004,-0.7524151975566601,1.817944702861239,-1.0507416561671408
6820.0,4.456937644166804,8.915067447303146,-0.10150609489923912,-1.0822381074477558,1.3413990283292199,-2.329817776278969
6840.0,4.721258258192459,8.467452347552793,0.1560503806588318,-0.43831167337715354,0.3416760292159338,1.186285747918487
6860.0,4.624072141078441,8.819018184734206,0.11727560011938783,-0.8478402035682684,-2.7667951272615103,-1.5501712204114981
6880.0,4.50243070493947,8.630014611266521,0.06157355515175827,-0.9917255814614591,-0.1403388144697243,-1.512898405241868
6900.0,4.5564184450609675,8.536794956906414,0.11042504655964694,1.001855425479222,0.3527135878982844,-1.225681556047329
6920.0,4.679000695866004,8.710947437876088,-0.10340245573171476,0.4349285940855216,0.18970338522170482,0.226104301480767
6940.0,4.428696837663853,8.542791960251286,0.04489807460495112,-0.5459721516475393,2.9058365861668833,0.11668755753544949
6960.0,4.573465576520708,8.574216031300917,0.05818728240207939,0.8954819980715392,-0.9459596157397623,-0.6398171309901391
6980.0,4.529021253153962,8.58733108084724,0.058810471844147554,-0.15168254471263592,0.7881470109430779,2.240940773876688
7000.0,4.639131847853325,8.669326328524713,0.060867051405440575,-0.8849100921978333,-2.0969365572328877,-0.3767373920576934
7020.0,4.63006397678176,8.642944848631672,0.06674642803721269,-0.8737451579287172,-3.2560836707127656,1.0785791057107952
7040.0,4.608301564426893,8.445769434515194,0.1545413972889994,-1.7050896026240367,-0.409264828577081,0.005051223071503852
7060.0,4.702324360645406,8.730028906950333,0.03950320981476241,0.9690469694659839,-5.299381023377728,-0.38555585613817334
7080.0,4.4876110810571666,8.611421278338753,-0.07242637872715316,0.3499165131452877,-5.289222655983895,-2.3570384795979047
7100.0,4.604099414801998,8.5361893013375,-0.09386495676411989,-1.0784524992960605,-4.920725724717004,-3.1774394887317454
7120.0,4.788723537814963,8.420421146615494,0.23071626267747938,2.830381556141905,-10.209660321874187,-2.289017208756197
7140.0,4.561917923340772,8.46615762838408,0.07564685071336118,-0.6730947917602587,-7.163306919406945,-4.251433487771971
7160.0,4.786667679458347,8.61967038665215,-0.07398324481377072,-0.57527524752651,-10.26197216309372,-3.994435804857929
7180.0,4.375491887413844,8.614371329532066,-0.03382845509312694,1.8017584996128575,-8.208607179116083,-3.4753173814421716
7200.0,4.556537375922036,8.670268554882911,-0.09426649326151992,0.6550685576660843,-10.79795414754536,-5.652824363446363
7220.0,4.297911434876283,8.676096503075307,0.1427869122484387,2.1105552486306522,-13.454476846082153,-7.295765703697662
7240.0,4.518459540337277,8.636549978823693,-0.028352612566998704,0.9324983044588682,-13.569852880346714,-5.479086356388523
7260.0,4.4601520437619575,8.573895765627608,0.19043887116064323,-0.3457919672841606,-13.71713849936326,-7.130242514887536
7280.0,4.371334646644271,9.012467392463149,0.01462110823845874,0.6809755492855131,-16.271024537215027,-8.58728984313104
7300.0,4.602608466157857,8.598791810234902,0.0007515499143110926,-0.3417789062453783,-16.84318767716251,-5.880556986065875
7320.0,4.350516832203225,8.690353154937704,-0.024004731583241123,1.5539644768882397,-15.120803746282249,-8.922570233343379
7340.0,4.235567722131597,8.901259947959343,0.11385154046244761,-0.3554946885058482,-16.92002067924259,-5.983911117522995
7360.0,4.585024689655806,9.032674419508337,0.10556520062872242,-0.7523217208975883,-18.18029315366856,-7.100653974449945
7380.0,4.230246525476522,8.589716911441808,-0.003522889165203352,0.5534240123143592,-18.09011270357697,-9.757387627149859
7400.0,4.110275671248908,8.8706340585727,-0.10946153590887453,-0.11042826928711362,-18.448725220948486,-8.973270564973204
7420.0,4.455147562835032,8.916667582834167,-0.019647123899825855,0.5942887275764029,-18.696856074528245,-9.127968304790535
7440.0,4.261845268110981,8.898609057376369,-0.14264986769827423,-1.2913022346169079,-19.96012265194038,-11.819589782654926
7460.0,4.31613970099505,8.680201958879215,-0.08027962762585023,0.1319642113984726,-21.28517136600938,-10.521922176899825
7480.0,4.310639268434423,8.957731146716565,0.0541338470767896,1.817432617239118,-21.00188855217563,-9.000221318109519
7500.0,3.9615552568249024,8.915984837503439,0.13928174275038008,0.21124839107291454,-20.027474688173335,-9.993424665296113
7520.0,4.192147156747959,9.05917342755772,0.025893588783424983,0.48398877950073343,-24.283898723428877,-10.8269548478355
7540.0,3.9704875062198557,8.553539467223805,0.02324863196723383,0.07108276776682285,-20.154307160385144,-12.62884896271417
7560.0,4.118708030537467,9.008919477743227,-0.0632538100474823,0.47543200810712183,-23.59336745568577,-10.503897306284172
7580.0,4.045718019214709,9.177965606405246,-0.16275426667043694,1.1607933478851769,-23.496230423649237,-15.072462554349075
7600.0,3.7992424420541813,9.042599382003882,-0.11283221087967919,2.171684758472661,-24.616437888921013,-13.805089099157435
7620.0,3.9510548075157605,9.128075042229673,-0.2085137912379693,0.24748127249259685,-21.31287957833986,-12.603391346262294
7640.0,3.7107612411081132,9.147667384616083,0.04061443383250008,0.40219359557738926,-26.622509541135347,-11.6751816294314
7660.0,3.819910707798729,8.945862411357918,-0.010525336770092745,1.257536220013936,-26.20803587225174,-12.310099841052688
7680.0,3.996334754507982,8.995032354318372,0.11683028260452454,1.0387075034529352,-23.59207942535106,-13.226784084463013
7700.0,3.9805115296716616,9.070658592891402,-0.006848715832735446,-0.9820756348868549,-25.159855513327365,-15.896820015847396
7720.0,3.639419295903795,8.929621505143995,0.18638720440742124,1.296053287793836,-25.093996148338423,-14.43428815010242
7740.0,3.715213150580492,8.929778904308979,0.035477744723767024,0.2563102707676065,-25.105329767621814,-13.869706335447919
7760.0,3.6748705567843727,9.204747090507654,0.02479662478576558,0.5247314541355417,-24.30219714815681,-13.727133863870913
7780.0,3.7812873003507583,9.110283127159231,0.0030019148774870883,-0.21561640626252446,-24.576939718902086,-11.738897336119653
7800.0,3.423723898631849,9.111089506402351,0.08967214353442866,0.01616999211761537,-24.603449175055374,-16.089674314445688
7820.0,3.334636243422523,9.303947995618728,-0.06191983105779512,0.04048237059134957,-25.30472179231332,-13.259135355985276
7840.0,3.5197095464488757,9.26933992733844,-0.03710366618375047,1.1580807116744931,-23.39808863513491,-14.638183041980845
7860.0,3.2728914776513225,9.159984967567508,-0.11559114407342029,-0.7967274351787608,-25.115923212220327,-15.300739329272913
7880.0,3.147726086059224,9.19326078670176,-0.10239818981960958,-1.0312097852418403,-24.955644956993655,-13.090521118060717
7900.0,3.268429167912389,9.231823738660784,-0.14690271877874336,0.18021650034053127,-25.505598509544892,-16.391104352394294
7920.0,3.3950292489945544,9.223154588821679,-0.027556916633543524,0.1387450940933397,-21.192936710747922,-15.277538699340937
7940.0,3.193913636019512,9.132036669366212,-0.022715887758359588,0.16751758915880383,-25.042708718794337,-17.001136825528423
7960.0,3.2773298351138025,9.274465303146538,-0.06298506427648846,0.4022317950956909,-19.78390385945546,-17.80768411614549
7980.0,3.140388680028874,9.404006798822465,-0.16575431281707745,-0.4722259265854988,-20.752923458709905,-16.902961409734395
8000.0,3.13729082370584,9.384805667060633,0.11677737611728958,0.11204207689880384,-21.5373800071332,-17.13806571517398
8020.0,3.014640988759205,9.486338189353056,0.03935175736402296,-0.1750512074974877,-18.83231250690178,-15.311056989882186
8040.0,2.991197584241756,9.253326035723813,0.024655870078282387,-0.3787204967470386,-21.261622698483862,-16.249815307598737
8060.0,2.9663757982977708,9.41655856404052,0.017204597534616565,0.24038396313559243,-20.20770709727859,-17.181798644377125
8080.0,2.71356444463411,9.190614493196575,-0.03939666663699062,1.6559820874666265,-18.319362972099334,-18.407280942444068
8100.0,2.7989364072826026,9.481637823537422,0.1588352330008415,-0.7585591309268928,-17.537677516282375,-16.286503896508435
8120.0,2.636340461118089,9.153726942786264,0.09660393380627676,-0.11782961989164055,-16.48646143735866,-19.07209063190356
8140.0,2.6494835048562724,9.25988142433739,0.022505751820395277,1.1547606580426923,-17.602152365082492,-15.325576487155208
8160.0,2.4429235982746667,9.363997937828296,0.14861607210888178,-1.4373111777059424,-14.418828509897025,-18.122750738849977
8180.0,2.4090154018546994,9.41196734415447,0.15578898683754822,-0.7006816764442432,-15.302719778616773,-17.561139829784643
8200.0,2.493077524006053,9.466537654293061,-0.051506240395546514,0.29679287155682726,-14.5570854282086,-16.84095510648906
8220.0,2.394862050112708,9.46750058099082,0.041363650929761644,0.7270921793616495,-9.423147161962664,-16.70796360614542
8240.0,2.3615846329266916,9.33653466145341,0.05648478700254722,1.341028761689892,-11.947765640574634,-18.90848887030776
8260.0,2.3579100715799375,9.626536602043364,-0.011687660808446288,1.0632830963624709,-14.340631726778984,-20.048410899384212
8280.0,2.3270683674276134,9.547615283043982,-0.046941659993239834,1.619031929812027,-10.63242942317319,-18.211534124584986
8300.0,1.999104537109353,9.374444185792328,-0.12541748211959378,-0.1578474910995974,-7.892311686344838,-19.70137883344659
8320.0,1.924959169591102,9.39056969510135,-0.1688448886034335,-0.791847831616317,-5.533978590638869,-17.719721986999826
8340.0,2.001639166317712,9.777052054861839,0.14297521008955102,0.009844458821358164,-6.901166024315564,-15.046392605965607
8360.0,1.9238556645169194,9.723217702386464,0.06038695080047152,-1.2686634088963706,-6.703396130400532,-14.92770207816385
8380.0,1.862168191212314,9.466574299822792,0.019695711525150966,-0.39732713308420003,-6.591229420603499,-17.05360012070686
8400.0,2.0420651095611304,9.549781463314613,0.031823401187613606,-1.6538767945764388,-4.4438857159590475,-18.083647673370635
8420.0,1.949413825165362,9.515389840114498,-0.02060848885449952,-0.19979418087193426,-4.267882522809261,-17.66741669748411
8440.0,1.6268817147881773,9.658919256322804,-0.2558624930318411,0.9257027041680916,-0.5766572339724121,-19.20866077631507
8460.0,1.7711388554718153,9.660029333920086,-0.017646374538456924,-0.6557987458050227,-2.6197371376644067,-17.92019744927413
8480.0,1.624246536099969,9.779636166897207,0.23526864102746,-0.5993991542374758,1.774503873821369,-18.254872513986662
8500.0,1.6611875565138379,9.638337210239232,-0.056548793954134494,-0.052976347436060306,-0.652986895026415,-19.077858953019586
8520.0,1.4155335903007766,9.546993265062639,0.10910816748940483,0.029436932426825893,2.0820528464737156,-18.04665020309153
8540.0,1.4791852036491275,9.800229133821473,-0.11869393507978038,0.7499829909575908,-1.0327139511797818,-16.829129507252446
8560.0,1.4039691243424832,9.69538640387222,0.03733930976989039,-0.22430578953402783,-2.557706800748953,-15.753753169795626
8580.0,1.3807124205569727,9.9590349951094,-0.02475994811220748,1.5026031663266233,-2.1193296821771486,-16.084614615490953
8600.0,1.3174225809764428,9.673333363092386,0.05819534077683143,1.2401141954627302,-1.562792097357638,-19.025724849870212
8620.0,1.1328650268897014,10.009406315068862,-0.0869829252070296,0.5100722145447177,0.13286182317358664,-17.97103154363012
8640.0,1.3673522507962363,9.823554381408309,-0.15608644362480717,0.9801840310748945,1.3193357928110006,-14.49226478954021
8660.0,1.2272545317774233,9.638280267873801,0.07467609984717043,-0.4437580304902346,1.3820911047527136,-15.910775068126025
8680.0,1.0897565501897102,9.734882338246276,-0.09762016908676426,0.1504581926671554,-0.5062170941821921,-16.908730099213972
8700.0,0.9403042252689215,9.716325103745834,0.036472472042777364,0.6764850592865486,0.06022257100734025,-14.93850373489926
8720.0,1.108610878480665,9.86893634394434,0.05212455150959031,-0.9376858060141503,1.5370156770885133,-14.518467212068646
8740.0,1.1766046979295086,9.886425982839983,0.017191170169435797,0.0009747248635518248,-0.49828655781885,-14.932460392497793
8760.0,0.8056726050172489,9.75757529589305,-0.0014345714025060725,0.13814678321233143,-0.45538667497161456,-15.31721299305644
8780.0,0.9200419763081947,9.758655084159747,-0.002496015698963766,1.8493296115188091,-0.6002556115432526,-16.50725823984856
8800.0,0.6671679982077896,9.980342036005434,-0.01777050592743657,2.6013080250321075,2.0858162045285336,-12.928102537568233
8820.0,0.9405630740102326,9.748957394791152,0.10320627927069653,1.0485545823338158,0.0347622682443782,-10.772565332334887
8840.0,0.39595231580817675,9.618937386188627,0.022705598762742682,-0.512387301233661,0.9718322499609005,-12.78834598596628
8860.0,0.7020578425171007,9.806386686979081,-0.020052089310268733,0.09524552241968329,-0.89137186146184,-12.115269459405418
8880.0,0.6547951332176861,9.843121706447493,0.17866214541234093,0.3779624119938898,-1.1101117150291937,-12.316942125090936
8900.0,0.7122866564338892,9.733394252876444,-0.14918256081471296,0.7085268415950458,-1.7552893243874426,-13.965679699681884
8920.0,0.5139977368559338,9.828942263531006,0.060028550342901915,1.8306904592591058,-0.2769210627853149,-9.794034930394918
8940.0,0.6201974680088231,9.872730029330366,-0.06663997038643796,-1.3555168516391998,1.786169643059653,-12.339783132248279
8960.0,0.6101225304006099,9.77443346021719,-0.020476950107137914,0.06421058019013247,0.9399500025080887,-11.407739311136902
8980.0,0.598704752781555,9.733974473905448,0.06610941521152433,0.17671500759105688,0.7541904552271257,-12.490062852735836
9000.0,0.2805234065956079,9.64766372301774,-0.04086508263358104,-1.4635014698853317,-0.3011493261606516,-7.886708330360294
9020.0,0.4592257000541483,9.722876484642155,0.05530608754901975,0.8583790946680229,-1.4361026596810422,-8.951583048170502
9040.0,0.31657256649336357,9.697817873131891,-0.10581703508342402,-2.3210690117213018,-0.5118226122302209,-13.28930460959189
9060.0,0.34026548425092507,9.827812102546702,-0.1632168567545056,0.5544516148700988,-1.233233876050099,-10.729374341495559
9080.0,0.18027978117494525,10.009066093245343,-0.02277011651857111,2.501373794535291,-0.3133106572092717,-9.293554615157436
9100.0,0.40826768514185197,9.68683573472263,-0.19215266008149517,-0.7063662783587928,-2.973462722632677,-8.629238872553305
9120.0,0.38843876128156357,10.061421413721561,0.013873568824538694,-0.868995744822735,2.156252534016047,-8.977089916481642
9140.0,0.06539609843429176,9.898029713040815,0.18161365950199013,-0.798740985564463,-1.3259877223517582,-7.941853356120625
9160.0,0.2841152050710447,9.595689322640624,0.06237666573650863,-1.2155651428588359,0.39229591242565076,-8.693421152085698
9180.0,0.18857003635953112,9.700363531537715,-0.06253969484077802,1.081150610829852,-0.9328199014977414,-3.8389494450453574
9200.0,0.2117321141143771,9.792979492880812,-0.12552937865974348,1.5544726893567606,1.0716845514144593,-6.657986220428358
9220.0,0.05224827602233323,9.78606583850124,-0.015643213878447127,-1.6304584569109142,4.106422044315249,-5.580060286033606
9240.0,0.06310246395662586,9.637348345401607,-0.06353546464080417,-0.5156088121754678,-2.1175031145303707,-3.5069570362628415
9260.0,0.10248417918982049,9.709598759685859,0.04809178601284128,0.7651950042391423,-1.6253814092609842,-3.7192191546404696
9280.0,0.059270010963409975,9.873451288464683,0.03871195645160821,-1.5441467911698186,0.7308888327921833,-5.260995843679692
9300.0,-0.12367907319627175,9.59725724585324,0.039065120125586876,0.33497707431397633,0.1771363896344848,-5.06265512741485
9320.0,-0.11096915614178342,9.925595000317292,-0.024430526882140466,-0.4599767402797544,-1.138984743626056,-3.9268654957346953
9340.0,-0.04076126511722397,9.96068601033974,0.1538639283453289,0.6527189775062935,1.8588834148138118,-4.866937760339377
9360.0,-0.1935321402299073,9.751393031383548,0.029672106048698493,-0.2849732667208268,1.5154910439356795,-0.3821736820976698
9380.0,0.05613545611176925,9.843000939464357,0.03578238919725816,-0.1101766910625304,1.207843145106538,-3.6390084562810934
9400.0,-0.14675469173285308,9.730560498368598,-0.04978094914996277,-0.4960822834938616,-1.216244540871839,-4.097081397742432
9420.0,-0.12774072138439532,9.778544123817515,-0.018882299709958777,-0.8334453891987232,-0.9448568089252996,-4.591706710510849
9440.0,-0.009229991539229217,9.990842986471645,0.09812295763537102,1.2411458548911103,1.582371483194828,0.1559497923109352
9460.0,0.07962649205846901,9.81134160351707,-0.22203882833790978,0.18468909619024337,3.534510931732239,1.5003470881384309
9480.0,-0.07869005400710244,9.715478103146111,-0.03392511646796795,0.15132074522825884,1.2305591276417933,-1.9953377612747671
9500.0,-0.11734321132451929,9.657456341478989,-0.026857159552360794,0.31466447621666105,-5.331001534033378,0.13563472207521488
9520.0,-0.015775453103036557,9.955075589137142,0.14098982902506538,-0.40934250829727076,-0.39430614708755296,0.8685979649199747
9540.0,0.007526907900527237,10.00626322857475,-0.15425716979076753,0.8052547219401269,2.7051824364953054,2.1128574859255678
9560.0,0.14009515293852012,9.879861107141014,-0.03246456095654342,0.05851450314468731,-1.9458388653687413,0.3801400994353944
9580.0,-0.20921229699435043,9.777469639066567,-0.05514902027376864,0.14899842298135638,0.6309250491867814,0.3406325656699517
9600.0,-0.12552153432449326,9.926415351872723,-0.2072222852140295,-0.10715790511786986,1.5097029257723862,1.4353787077776234
9620.0,-0.08232074009379745,9.867671659795082,0.00047559512856088334,-1.4572958423665574,0.2483507389245871,1.2722072433976654
9640.0,0.11527827840320894,9.91491709104605,0.05338945094112102,0.2769036561167345,1.4847724557687885,0.6398435367996508
9660.0,-0.06596502288721602,9.822675911273267,-0.29507079259706287,-0.35470190420876996,0.21336983419160718,1.814628955381925
9680.0,-0.02971244139887638,9.68988929968697,-0.1541861093259588,-0.6524012075907437,-2.179593076268171,-0.09020983253401546
9700.0,0.03026510034184599,9.76845960644089,-0.032470332509129306,1.5981808435268996,1.492471022340932,-0.7486524649152437
9720.0,-0.04880119342917984,9.81420718644505,-0.010244699888213332,1.0893885480977938,-0.492184970353422,2.8970044124633594
9740.0,-0.04244492079282801,9.79925414109289,0.10684973227708783,0.2640071570870313,-3.4737525223705603,0.5772940324303883
9760.0,0.04399263958292778,9.782253016529609,0.02889613415273586,0.1878027872051373,-0.41608105673903617,0.7274720402250103
9780.0,-0.15048818399490618,9.68929670533809,0.11678692508094446,-0.8427766417589464,-2.7793619416415485,-2.4335659519625343
9800.0,-0.01197121328946656,9.767242475503826,0.0529346623642343,-0.7913410509726233,0.03636000972159659,-2.1961146417354804
9820.0,0.13759907049672196,9.693075739726334,-0.009603952933091362,-1.6345764528485476,1.1751804038697713,-2.0196804123800427
9840.0,0.23229984909967932,9.751225988270017,0.16127684106676582,-0.8903801275072325,2.8370488733232246,-1.690493484105503
9860.0,-9.792775984925237e-05,9.706551576724976,-0.08979080397494728,0.34430950651055015,-0.43460749698991885,-0.936054175260684
9880.0,-0.005544220081167386,9.787217093579118,-0.0559676985571925,0.6593803192968082,2.5906268548217346,1.76250490983377
9900.0,-0.12825391522942617,9.613008987526262,-0.10267564295644618,-0.2996265074418466,1.9977389722655094,-0.1703955461635566
9920.0,-0.05954584187649773,9.701197776213654,-0.016410997481216077,-1.1146872083545027,-1.0195704751168633,-0.40463777917151456
9940.0,-0.08595328956438185,9.809390879365258,-0.07763344802788708,1.1691402026340856,1.4346474968677863,0.7195329186635147
9960.0,-0.08077645697588787,9.812827002239803,0.06951405824734495,0.21179759314877797,0.9956464188128227,-1.02377229181364
9980.0,0.20078458077804504,9.833436851791413,0.13943807176447884,-0.6017614510128377,1.7089893231995592,-0.42009139264966877
